99
75
25
11
80
163
247
3
245
75
121
79
222
113
165
47
85
4
65
158
123
116
139
53
152
185
42
77
176
150
101
100
87
31
147
194
197
121
210
91
45
225
252
248
75
239
215
146
61
28
140
254
147
131
91
208
169
228
140
121
53
238
169
178
28
190
234
30
138
163
241
42
65
36
183
57
49
68
199
254
73
4
170
40
142
42
162
69
106
65
155
224
70
225
94
237
91
48
8
104
196
169
186
56
216
28
147
89
184
246
219
58
36
195
129
100
147
241
200
93
130
215
61
204
12
246
236
221
187
126
211
231
158
20
151
77
155
210
118
162
7
143
125
16
116
97
251
250
202
97
53
224
154
174
91
131
174
181
187
74
229
175
53
229
62
106
239
48
50
77
74
90
71
151
20
70
226
231
255
49
92
1
81
150
89
207
222
78
85
166
51
252
128
203
21
168
204
54
42
170
68
149
245
202
159
148
8
165
21
92
116
83
113
89
133
70
104
65
172
117
41
82
189
186
53
219
90
121
113
253
175
131
121
179
97
58
56
16
192
245
182
200
68
166
48
242
55
186
110
12
175
64
81
64
191
78
172
229
238
160
84
73
232
131
123
174
116
241
57
146
166
254
108
52
86
115
194
83
209
184
20
57
205
247
246
248
163
126
140
244
184
101
159
161
60
113
239
142
24
57
203
163
33
