113
133
141
92
44
53
27
21
16
151
12
62
233
87
45
249
153
224
12
48
186
113
187
62
132
115
208
235
241
10
176
158
32
234
14
206
247
108
174
186
13
224
111
90
199
37
136
149
193
120
18
180
111
138
199
23
4
213
9
38
146
47
38
139
115
160
218
159
233
113
21
33
1
133
255
46
189
237
57
109
113
182
102
139
110
5
235
231
222
103
242
142
239
98
181
105
52
80
249
181
72
109
216
180
180
46
196
162
18
212
201
235
115
66
18
155
255
11
175
22
219
208
150
9
80
201
231
160
41
161
116
250
92
135
128
218
237
130
199
159
16
4
191
118
142
195
30
206
105
196
156
12
195
184
250
128
252
140
67
152
27
60
82
84
111
232
148
250
118
41
15
11
253
165
163
117
137
225
144
10
246
87
57
49
94
201
40
220
60
212
81
186
209
200
155
173
199
183
156
126
21
204
164
208
34
222
254
82
45
69
114
57
236
237
14
238
115
169
39
3
88
201
154
108
21
238
87
236
173
29
33
205
147
19
143
212
199
216
87
116
66
151
203
66
148
173
164
169
204
0
255
223
152
146
165
23
173
86
143
249
105
66
170
79
183
165
215
1
52
187
54
67
144
126
164
13
54
192
130
203
47
119
185
87
67
88
250
36
98
167
75
188
67
77
191
108
75
43
132
61
176
174
35
39
222
163
4
130
26
77
49
189
101
181
91
82
163
66
34
249
252
137
145
29
131
102
232
140
21
76
159
114
132
217
167
136
245
174
243
137
135
125
55
230
54
99
240
186
254
121
164
0
67
166
107
4
112
183
174
23
223
177
47
135
249
101
73
206
158
70
122
10
199
120
30
173
105
41
125
118
157
36
8
160
255
163
224
89
83
101
152
117
111
1
60
100
85
122
146
97
159
19
159
237
32
101
109
124
200
174
12
110
200
108
215
64
247
43
248
4
116
155
47
14
141
229
207
241
224
63
9
170
192
191
108
26
219
108
173
186
25
155
164
138
199
121
152
74
244
228
188
237
27
127
249
75
3
5
238
22
228
221
54
15
203
239
233
121
63
183
101
206
37
151
78
178
225
114
211
37
190
118
51
252
144
57
128
146
152
8
164
187
167
124
161
249
134
77
29
243
150
107
29
34
180
75
17
206
95
127
17
57
29
138
102
26
26
242
76
76
19
151
246
200
114
66
211
209
187
129
16
110
38
179
94
29
142
95
245
198
137
202
216
238
217
200
91
45
3
210
227
226
61
89
238
37
141
90
83
253
48
51
202
211
57
181
174
39
122
122
2
130
167
120
179
172
185
215
28
30
145
0
207
186
222
247
147
186
64
234
169
231
174
10
84
11
21
153
152
168
65
68
65
234
1
180
39
219
134
96
177
214
13
165
152
62
190
24
237
111
211
27
94
245
252
174
181
253
2
136
161
8
171
103
185
231
223
164
190
227
8
10
32
60
191
232
196
213
164
101
5
45
141
20
249
145
228
200
245
144
74
170
83
176
128
136
114
95
136
112
255
44
7
126
115
55
238
242
221
230
89
133
226
218
184
254
2
34
44
0
29
174
52
38
53
6
136
82
117
60
69
65
114
30
75
99
178
177
227
234
107
219
166
33
140
96
154
0
1
16
157
253
51
62
7
36
207
115
139
106
201
100
94
63
160
34
155
98
227
145
231
249
244
27
81
225
12
165
123
67
127
194
255
104
66
39
12
206
170
96
80
123
118
193
27
145
16
158
193
35
16
191
64
71
2
14
34
108
105
147
165
238
4
162
26
232
79
83
139
74
77
51
160
43
133
57
195
96
74
252
131
77
64
34
54
251
28
28
227
107
171
17
95
42
22
23
181
38
100
169
203
192
64
86
67
34
253
182
160
211
215
162
170
136
124
164
19
62
203
173
90
133
219
6
240
31
63
137
154
201
136
17
22
89
12
47
1
9
230
31
248
19
62
250
254
126
203
44
29
55
149
41
80
99
0
92
161
244
6
96
143
122
196
115
178
60
56
40
162
136
73
92
20
71
7
106
70
212
53
163
158
15
5
248
142
173
34
250
186
210
243
5
93
225
31
183
232
147
76
167
237
70
45
84
60
152
187
92
76
53
194
239
220
237
160
130
217
10
73
200
131
224
143
222
204
165
161
198
0
131
209
22
171
236
154
241
184
46
225
55
214
71
123
249
32
250
240
48
252
34
126
174
67
71
97
84
163
111
82
134
66
54
78
220
164
33
152
26
207
48
1
99
173
178
103
169
177
93
124
104
189
158
200
148
68
46
242
208
172
230
59
224
246
212
75
97
160
142
48
183
202
198
164
72
1
31
142
232
217
63
204
147
230
38
48
98
204
190
200
184
173
179
99
188
99
132
80
13
103
219
105
177
241
26
81
78
97
54
249
156
222
200
105
26
61
97
189
0
36
30
109
117
111
125
210
3
210
111
230
72
192
175
76
238
140
81
144
221
207
158
175
174
9
31
218
99
139
248
119
86
148
120
105
112
186
237
145
155
139
189
148
122
117
178
223
87
227
150
233
93
169
0
184
7
162
109
167
216
151
146
102
77
99
241
66
16
85
171
167
110
214
149
227
11
76
141
44
212
62
15
229
54
184
3
29
141
241
217
89
224
43
216
147
203
219
179
130
188
10
94
28
99
251
31
90
99
14
232
59
78
228
228
11
208
196
80
229
42
61
140
119
226
13
114
5
185
66
230
176
222
159
174
249
97
65
133
129
234
131
106
18
171
30
62
227
147
149
142
24
197
208
174
137
72
6
7
196
0
225
177
85
221
221
69
69
82
242
236
224
9
114
188
187
213
52
69
246
232
242
102
191
70
240
102
23
121
222
63
217
134
0
61
248
33
140
200
8
29
84
126
0
38
164
134
62
178
110
32
203
53
164
128
225
148
230
220
170
221
93
196
75
53
231
178
33
18
116
226
74
170
176
99
104
171
226
111
161
44
19
248
235
227
116
131
134
153
250
57
201
220
75
59
34
244
221
55
89
24
92
57
20
225
77
195
160
254
242
31
238
42
109
244
220
91
39
24
182
60
115
165
253
222
111
79
103
170
43
244
38
155
14
117
109
170
117
197
49
137
156
63
45
147
194
61
40
4
136
230
122
101
155
71
205
75
146
166
33
65
26
18
19
3
80
63
94
237
110
145
162
178
170
119
100
81
91
250
86
69
94
150
217
252
184
72
193
139
124
232
88
160
240
185
165
184
235
63
238
146
129
80
123
227
226
110
157
75
128
84
239
136
112
207
220
234
19
207
97
6
245
190
20
175
245
16
102
34
167
28
37
129
246
42
69
131
14
205
223
105
121
115
122
52
135
58
138
21
244
5
54
37
197
208
94
86
115
64
221
169
75
126
11
162
21
70
134
250
244
59
51
147
141
126
127
177
107
126
235
102
162
18
199
78
179
197
61
125
176
112
146
182
161
15
169
221
37
205
201
175
93
97
159
177
5
157
135
102
17
68
7
197
103
29
156
234
137
69
186
12
245
201
14
175
111
116
6
27
112
230
147
12
16
230
46
171
41
250
25
189
186
52
231
27
137
78
62
98
13
250
220
235
138
115
216
254
126
88
42
66
60
186
110
120
215
116
229
105
65
186
189
29
180
245
146
78
81
206
52
28
8
137
171
3
183
149
120
9
150
97
30
60
210
113
225
91
120
176
206
212
149
8
251
238
156
48
16
72
7
197
6
130
65
157
47
58
196
88
119
58
126
55
233
239
122
50
117
30
188
68
240
210
109
10
92
153
56
140
106
239
243
91
61
251
130
220
113
121
248
227
92
248
0
131
147
69
124
37
176
39
107
216
83
76
16
232
103
132
81
178
167
45
93
182
96
238
145
238
120
169
157
95
175
170
226
237
37
37
31
115
29
223
77
19
0
43
199
203
165
24
174
73
207
233
140
1
247
197
55
124
76
176
249
243
249
186
237
28
166
118
172
68
65
174
41
158
254
85
218
219
156
189
25
250
235
11
201
98
139
231
60
46
246
120
84
200
192
143
233
185
30
34
107
191
166
253
201
32
85
180
145
63
214
220
88
109
1
122
92
1
163
188
104
171
125
231
248
5
143
145
158
107
150
16
164
13
211
50
243
66
14
47
51
32
219
219
52
73
28
32
141
7
199
172
131
156
233
231
44
211
235
40
212
219
20
40
159
85
80
183
112
172
48
173
10
165
49
36
117
55
65
228
164
156
127
31
84
168
67
95
55
90
94
188
82
177
163
82
163
192
166
242
8
5
195
24
92
247
98
29
227
222
122
174
232
231
84
125
164
120
146
54
98
193
111
181
225
148
72
118
250
118
92
77
130
246
208
87
114
61
246
48
69
231
206
102
162
17
205
46
59
179
222
86
245
49
167
123
73
44
13
124
234
158
250
46
168
38
93
82
148
160
115
196
101
249
70
245
26
65
115
154
225
2
47
166
56
209
140
118
82
34
249
76
188
97
8
255
64
62
117
241
10
72
99
64
9
189
232
65
152
160
204
42
94
13
142
14
114
202
168
15
195
30
20
207
184
230
15
39
19
229
29
28
27
92
77
14
250
218
190
51
100
86
98
68
121
123
2
118
237
67
131
172
102
199
103
235
37
86
151
14
233
196
95
187
16
4
186
149
9999
249
208
179
197
138
189
82
251
245
148
198
239
101
163
183
1
198
249
137
77
216
38
28
138
130
66
182
49
106
49
61
226
194
36
170
5
101
99
186
173
34
75
230
193
87
146
150
93
194
211
146
118
149
70
185
189
200
206
245
198
179
58
110
106
220
196
254
106
14
222
230
84
171
47
191
171
66
216
179
66
100
251
236
233
180
126
77
75
62
12
96
23
10
93
144
94
240
184
153
61
173
182
60
187
55
72
55
244
78
251
116
120
84
123
129
238
94
86
64
253
139
3
224
108
149
35
11
135
165
6
97
197
108
113
38
169
111
159
55
230
162
133
67
198
57
91
55
204
187
87
250
153
88
188
91
12
124
19
72
173
164
184
64
76
113
153
10
229
250
59
168
199
103
254
135
245
188
161
248
205
242
8
228
231
76
61
186
64
232
182
173
152
149
214
29
24
228
181
82
56
130
36
112
224
196
236
167
205
132
87
171
55
44
242
100
177
16
144
230
80
1
146
163
15
30
102
223
114
238
78
101
106
172
99
121
121
226
217
13
22
58
132
56
83
144
155
227
189
75
189
198
132
238
49
147
220
234
114
112
162
183
235
171
67
34
255
169
218
233
76
32
152
133
49
134
105
71
141
202
212
166
202
65
35
216
27
227
197
159
1
183
240
102
20
140
139
140
0
234
74
0
206
72
27
14
101
127
193
120
80
127
190
201
193
65
119
230
214
253
147
230
28
156
164
35
82
112
9
145
111
35
19
79
230
237
102
124
40
10
162
76
106
108
67
91
169
173
198
65
236
71
14
102
202
7
5
24
43
191
134
218
83
60
123
255
28
119
66
120
130
15
86
235
101
247
43
5
139
108
89
16
229
43
253
200
19
224
92
106
41
225
202
15
180
28
203
56
248
79
119
170
124
119
35
124
201
138
61
110
110
104
120
124
71
15
41
179
255
15
241
68
212
63
157
215
154
173
74
33
3
219
205
185
29
40
82
39
28
140
66
62
90
136
107
173
156
93
91
208
151
125
12
204
179
63
199
218
14
214
66
227
196
132
12
78
110
11
42
22
232
101
3
31
88
180
121
202
107
124
89
199
226
16
245
42
78
74
15
193
23
127
249
165
195
178
251
16
117
8
245
110
180
124
69
183
110
212
235
251
61
212
235
63
232
177
243
135
45
201
62
52
190
144
184
144
137
206
99
168
60
8
249
90
9
59
211
174
167
209
9
106
153
205
219
224
178
73
80
11
217
34
28
218
10
242
199
204
157
62
12
189
203
241
128
0
110
9
116
173
8
145
27
60
7
207
240
83
71
190
82
221
217
191
113
92
3
139
110
128
135
108
190
248
40
173
208
136
107
78
239
92
155
253
105
156
15
66
241
64
176
250
66
38
181
6
5
97
177
68
245
213
208
190
65
1
93
34
49
27
136
115
13
98
103
253
59
176
58
142
167
78
243
227
104
13
246
97
160
146
29
6
163
242
255
158
92
127
114
58
237
225
78
222
150
104
116
122
216
160
15
27
218
38
26
99
11
187
35
55
9
151
78
183
194
255
156
115
217
26
109
219
75
1
68
248
82
21
203
90
137
149
23
82
81
112
44
97
116
87
196
239
9
23
76
64
152
38
48
165
126
123
88
239
146
163
243
41
8
18
115
135
150
183
216
153
214
211
50
196
236
10
97
243
104
187
32
138
110
141
66
156
20
74
58
93
11
241
225
218
130
6
116
231
71
45
220
89
47
247
51
118
185
252
131
170
238
42
209
124
139
92
90
191
98
46
28
13
254
16
152
113
134
154
215
100
227
32
171
251
37
133
55
94
35
84
177
124
98
12
103
253
57
188
0
120
50
208
5
231
178
43
160
88
221
118
163
229
180
183
203
229
128
37
71
100
116
59
116
209
142
11
235
247
190
213
189
47
74
216
253
211
113
104
127
245
79
65
224
81
0
27
198
129
8
126
105
112
242
216
83
17
56
205
100
81
99
206
24
74
115
237
13
185
129
239
191
178
163
163
150
146
16
115
36
54
133
57
167
106
231
84
214
164
41
250
218
243
112
207
154
50
117
183
59
129
43
233
231
246
163
70
206
143
44
232
107
107
190
253
9
58
153
214
133
243
41
59
85
197
45
2
201
79
24
224
145
19
183
126
128
40
21
207
144
48
156
162
37
138
124
115
150
201
81
135
233
100
0
56
222
174
225
141
48
9
36
13
23
87
109
213
17
178
194
233
226
93
167
200
217
250
135
67
86
253
86
142
137
96
117
152
124
153
214
152
84
201
96
232
212
54
149
23
34
251
114
58
206
254
150
130
16
35
